vnm <- c(5,7,9)