v1 <- c(1:20,19:1)
